   1 3528.4014    292.7330 292.7330    192.1789    100.0    350.0
   2 2307.2690    102.6812 102.6812   -355.6325    350.0    550.0
   3 2035.7449    108.9702 108.9702   -311.8196    550.0    650.0
   4 1901.8610    109.7632 109.7632   -274.7211    650.0    730.0
   5 2256.6355    141.8876 141.8876   -246.2549    730.0    790.0
   6 2559.8501    146.0516 146.0516   -262.5569    790.0    850.0
   7 1873.3267    114.2817 114.2817   -169.4114    850.0    910.0
   8 1470.1707     90.9829  90.9829   -107.8383    910.0    970.0
   9 1117.8647     73.1104  73.1104    -19.2973    970.0   1030.0
  10 1053.8728     70.0388  70.0388     17.0116   1030.0   1090.0
  11 1195.0903     73.2782  73.2782     34.6930   1090.0   1150.0
  12 1120.7378     70.2707  70.2707     76.6174   1150.0   1210.0
  13  817.3735     59.0014  59.0014    122.5930   1210.0   1270.0
  14  688.0155     54.8828  54.8828    158.6007   1270.0   1330.0
  15  813.4183     59.6263  59.6263    198.1038   1330.0   1390.0
  16  779.5183     60.1622  60.1622    223.6433   1390.0   1450.0
  17  613.2487     55.2258  55.2258    247.8360   1450.0   1510.0
  18  528.4179     53.0709  53.0709    234.7037   1510.0   1570.0
  19  442.5232     41.7252  41.7252    267.9965   1570.0   1650.0
  20  364.4231     36.1787  36.1787    248.1239   1650.0   1750.0
  21  358.1533     38.6833  38.6833    271.0229   1750.0   1850.0
  22  221.4938     43.1496  43.1496    174.5782   1850.0   1950.0
  23  225.2761     36.9288  36.9288    208.8749   1950.0   2100.0
  24  161.9738     36.0291  36.0291    250.4482   2100.0   2300.0
  25  165.0597     48.8883  48.8883    366.5770   2300.0   2500.0
  26   99.9472     49.8376  49.8376    575.0936   2500.0   3000.0
#SZ 150
Acbar correlated bandpowers - CRC Oct 2007
