1e+08	2.30435e+06	1e+08
1.58489e+08	4.16964e+06	1.58489e+08
2.51189e+08	7.50546e+06	2.51189e+08
3.98107e+08	1.34335e+07	3.98107e+08
6.30957e+08	2.38971e+07	6.30957e+08
1e+09	4.22363e+07	1e+09
1.58489e+09	7.41437e+07	1.58489e+09
2.51189e+09	1.29244e+08	2.51189e+09
3.98107e+09	2.23684e+08	3.98107e+09
6.30957e+09	3.84354e+08	6.30957e+09
1e+10	6.55738e+08	1e+10
1.58489e+10	1.11097e+09	1.58489e+10
2.51189e+10	1.86964e+09	2.51189e+10
3.98107e+10	3.12639e+09	3.98107e+10
6.30957e+10	5.19669e+09	6.30957e+10
1e+11	8.59011e+09	1e+11
1.58489e+11	1.41273e+10	1.58489e+11
2.51189e+11	2.31267e+10	2.51189e+11
3.98107e+11	3.77016e+10	3.98107e+11
6.30957e+11	6.12346e+10	6.30957e+11
1e+12	9.91305e+10	1e+12
1.58489e+12	1.60016e+11	1.58489e+12
2.51189e+12	2.57646e+11	2.51189e+12
3.98107e+12	4.13931e+11	3.98107e+12
6.30957e+12	6.63752e+11	6.30957e+12
1e+13	1.0626e+12	1e+13
1.58489e+13	1.69872e+12	1.58489e+13
2.51189e+13	2.71236e+12	2.51189e+13
3.98107e+13	4.32635e+12	3.98107e+13
6.30957e+13	6.89465e+12	6.30957e+13
1e+14	1.09793e+13	1e+14
